LAT
64.56
60.12
60.97
64.10
59.74
60.77
63.42
55.82
54.83
63.88
67.23
60.75
60.96
62.41
63.08
60.55
54.86
63.78
64.75
60.88
64.41
59.66
59.93
61.49
61.41
61.38
63.73
60.18
65.03
64.59
52.97
62.97
60.10
59.67
65.52
62.90
60.86
61.09
68.05
63.74
61.81
61.83
63.98
56.56
61.98
57.18
61.46
60.10
65.56
63.45
63.45
53.85
62.83
62.96
62.58
56.30
55.47
57.22
61.59
55.35
57.06
59.46
62.93
61.20
32.89
32.89
33.61
37.95
38.03
38.35
37.70
39.65
38.99
42.61
40.82
37.40
37.32
38.14
38.88
41.90
39.55
37.01
35.95
38.20
40.58
37.62
41.73
34.55
35.13
34.26
33.66
33.58
34.00
34.24
33.40
36.44
34.64
34.25
33.57
32.66
34.88
34.88
33.71
36.47
33.05
34.78
33.15
37.00
35.30
34.83
32.66
32.65
34.16
35.66
34.11
35.48
37.63
34.81
36.06
34.89
33.60
34.82
34.77
34.61
34.30
36.31
34.88
34.44
32.98
34.00
34.57
32.74
35.90
35.31
33.25
32.95
37.05
35.44
35.84
36.32
35.06
62.41
64.06
58.44
60.83
68.31
59.45
60.66
61.78
61.43
60.94
61.28
57.78
34.95
38.06
64.87
28.11
42.51
44.12
40.64
32.31
38.23
36.13
41.01
39.87
37.61
39.31
62.23
60.24
63.60
62.62
61.53
63.23
60.11
43.61
45.63
45.95
45.02
44.01
47.40
44.60
44.24
45.44
44.12
49.91
44.45
44.52
43.88
43.87
43.19
45.36
47.38
49.06
49.76
43.16
45.46
45.45
43.93
45.68
43.96
41.75
45.04
43.21
45.23
43.61
43.09
43.92
27.06
26.94
26.46
27.06
26.97
26.34
27.04
26.41
25.87
24.73
32.89
32.54
32.77
32.75
32.70
32.56
32.57
32.64
32.77
32.55
32.53
32.70
32.63
32.70
32.66
32.65
32.68
32.62
32.63
32.60
32.67
32.61
32.57
32.56
32.47
32.60
32.66
32.68
32.64
32.60
32.55
32.70
32.63
32.60
32.64
32.67
32.65
32.60
32.61
32.53
32.67
32.65
32.61
32.62
32.65
32.68
32.74
31.96
32.00
31.77
31.97
32.00
31.90
32.01
32.10
32.01
32.08
32.11
32.06
32.08
32.01
32.12
31.97
31.89
31.94
31.89
32.02
32.00
32.00
32.00
32.00
32.02
32.04
32.02
32.06
31.88
32.04
32.03
32.01
32.05
32.09
31.98
31.98
32.09
32.00
32.06
31.95
31.93
31.98
31.97
31.44
31.38
31.34
31.44
31.37
31.32
31.37
31.38
31.49
31.41
31.31
31.38
31.32
31.33
31.28
31.39
31.32
31.36
31.33
31.42
31.33
31.37
31.28
31.45
31.31
31.39
31.40
31.41
31.35
31.42
31.28
31.48
31.35
31.34
31.32
31.42
30.79
30.67
30.85
30.73
30.62
30.79
30.68
30.88
30.75
30.81
30.78
30.77
30.83
30.75
30.79
30.75
30.75
30.71
30.76
30.72
30.73
30.79
30.80
30.93
30.76
30.80
30.62
30.85
30.85
30.71
30.74
30.72
30.62
30.06
30.15
30.16
30.12
30.15
30.16
30.13
30.07
30.03
30.03
30.08
30.08
30.22
30.11
30.21
30.06
30.12
30.09
30.11
30.04
30.23
30.13
30.19
30.08
30.12
30.00
30.02
29.55
29.45
29.49
29.41
29.51
29.46
29.38
29.39
29.48
29.44
29.42
29.46
29.58
29.51
29.37
29.59
29.42
28.73
28.72
28.85
28.86
28.95
28.76
28.84
28.94
28.96
28.28
28.32
28.13
28.29
28.27
28.21
28.06
27.61
27.60
27.42
27.67
27.59
27.52
48.72
49.00
49.10
49.05
48.95
48.98
48.98
48.96
48.93
48.93
48.97
48.98
48.95
48.94
48.92
48.93
70.20
48.88
48.99
71.32
48.99
71.00
48.96
48.92
48.94
48.90
48.95
48.91
48.92
48.94
48.93
48.92
48.94
71.99
32.62
48.06
48.26
48.52
48.46
48.36
48.42
48.30
48.44
48.47
48.37
48.36
48.31
48.41
48.29
48.39
69.36
48.46
48.44
70.01
48.43
69.62
48.30
70.34
48.46
48.27
48.38
48.40
48.45
48.46
48.45
48.42
48.40
48.27
48.49
48.36
41.41
37.13
44.44
47.95
47.72
47.69
47.92
47.69
47.78
47.80
47.82
47.84
47.70
47.71
47.68
47.77
47.77
47.80
68.27
47.63
68.48
68.65
47.73
69.10
47.71
47.83
69.16
47.75
47.80
69.84
47.53
69.72
47.71
47.83
69.92
47.71
69.63
47.72
47.70
47.79
47.83
47.76
47.65
47.70
47.76
69.35
47.73
47.72
47.82
47.92
47.12
47.11
47.19
47.19
47.19
47.06
47.06
47.05
47.05
47.05
47.09
47.08
47.04
47.03
47.15
67.70
47.20
47.16
68.49
47.09
68.71
47.07
47.15
68.88
47.17
68.97
47.12
69.15
47.15
69.32
47.03
47.11
69.24
47.19
69.33
47.06
47.11
47.05
47.14
47.14
47.09
47.08
47.18
47.16
47.06
46.89
47.06
47.17
47.27
47.17
47.09
46.98
47.08
47.15
47.02
47.05
47.02
47.10
47.01
46.91
47.20
47.08
47.04
46.55
46.59
46.56
46.54
46.56
46.49
46.51
46.48
46.36
46.42
46.44
46.42
46.42
46.53
46.46
67.08
46.57
67.42
46.46
67.46
46.50
68.26
46.54
68.44
46.44
68.13
46.50
68.06
46.56
68.07
46.50
68.12
46.47
46.43
68.19
46.57
68.60
46.57
68.39
46.50
46.56
46.59
46.50
46.51
46.56
46.52
46.57
46.61
46.38
46.44
46.46
46.43
46.38
46.62
46.36
46.37
46.45
46.48
46.42
46.53
46.29
46.38
46.43
46.45
46.54
46.41
46.37
46.48
46.37
46.43
46.62
46.42
46.42
40.62
66.37
45.93
45.93
45.88
45.77
45.90
45.80
45.71
45.97
45.89
45.76
45.79
45.81
65.47
45.84
65.71
45.78
45.91
66.44
45.90
66.60
45.85
66.83
45.80
67.05
45.82
67.22
45.78
67.51
45.72
45.85
67.52
45.93
67.59
45.85
67.69
45.87
45.85
67.61
45.83
45.84
67.61
45.86
67.44
45.87
45.84
45.80
45.86
45.86
45.72
45.96
45.92
45.92
45.74
45.76
45.83
45.97
45.68
45.77
45.83
45.76
45.93
45.80
45.83
45.81
45.87
45.85
45.97
45.97
45.90
45.70
45.86
45.32
45.21
45.24
45.24
45.27
45.29
45.28
45.29
45.40
45.13
45.09
45.24
45.17
64.99
45.23
65.39
45.32
65.50
45.32
65.89
66.14
45.22
45.23
66.52
45.22
66.92
45.20
66.71
45.33
66.70
45.19
66.77
45.29
66.95
45.38
66.81
45.07
45.19
66.91
45.13
66.98
45.23
66.92
45.26
45.19
45.24
45.22
45.23
45.17
45.29
45.27
45.21
45.24
45.26
45.04
45.32
45.17
45.12
45.40
45.25
45.10
45.15
45.08
45.10
45.28
45.22
45.11
45.25
45.20
44.68
44.68
44.68
44.65
44.73
44.59
44.52
44.67
44.59
44.70
44.55
44.56
44.62
44.62
44.70
64.64
44.40
64.94
44.68
65.15
44.67
65.53
44.49
65.49
44.63
65.66
44.59
65.89
44.56
65.83
44.75
65.84
44.62
66.27
66.27
44.62
44.63
66.23
44.68
44.63
66.22
44.48
65.81
44.50
44.68
44.67
44.70
44.58
44.58
44.68
44.68
44.62
44.62
44.51
44.47
44.62
44.54
44.60
44.70
44.64
44.57
44.55
44.59
44.46
44.42
44.65
44.56
44.52
44.57
44.66
44.64
44.70
44.79
62.40
36.39
40.82
64.41
36.68
44.00
43.97
43.79
44.16
43.94
44.08
43.91
43.97
44.09
43.91
43.79
43.91
43.93
44.00
43.88
43.92
63.89
43.70
44.04
43.95
64.80
43.81
65.18
43.89
43.96
65.15
43.86
44.02
44.03
65.31
44.07
65.60
44.00
65.45
44.02
65.36
43.91
65.22
44.03
44.03
44.05
44.04
43.86
44.02
44.01
44.04
43.85
43.89
44.06
43.89
43.88
44.04
43.94
44.02
44.19
43.94
43.80
44.07
43.82
44.22
43.94
43.69
43.80
43.84
43.93
43.87
44.05
43.92
43.37
43.37
43.24
43.28
43.25
43.37
43.36
43.35
43.43
43.42
43.25
43.40
43.32
62.75
43.40
43.27
63.28
43.36
63.40
43.21
63.47
43.26
63.99
43.35
64.18
43.35
43.41
43.40
43.33
43.39
64.61
43.31
64.57
64.50
43.25
43.42
43.41
64.45
64.45
43.32
64.58
43.29
43.37
43.32
43.28
43.37
43.33
43.31
43.32
43.34
43.40
43.37
43.32
43.38
43.44
43.35
43.24
43.30
43.36
43.24
43.27
43.27
43.28
43.41
43.36
43.46
43.24
43.35
43.23
43.28
42.81
42.77
42.61
42.73
42.80
42.69
42.73
42.70
42.78
42.77
42.64
42.65
61.93
42.55
42.69
62.29
42.83
42.75
62.72
42.64
42.82
42.66
63.36
42.63
42.65
42.75
42.72
63.80
42.61
42.70
42.70
64.03
42.71
42.76
63.84
42.67
42.62
42.66
42.61
42.69
42.72
42.64
42.77
42.65
42.70
42.70
42.61
42.78
42.70
42.69
42.67
42.80
42.78
42.77
42.72
42.78
42.61
42.73
42.70
42.73
42.76
42.77
42.62
42.67
42.67
42.69
35.14
39.01
42.16
42.12
42.17
42.05
42.02
42.19
42.02
42.08
42.17
42.15
42.09
42.03
61.34
42.00
61.68
42.01
61.71
42.10
62.13
41.92
62.22
42.10
62.18
42.01
62.48
41.96
42.03
42.11
42.04
42.15
42.04
63.03
42.08
63.06
42.01
42.06
63.11
41.95
42.18
42.00
42.17
41.97
42.11
42.10
42.12
42.14
42.12
42.06
42.08
42.00
42.18
42.18
42.01
41.98
41.94
42.11
42.04
41.95
42.23
42.18
42.14
42.00
42.04
42.19
41.99
42.19
42.45
42.03
41.86
41.94
42.03
38.76
41.85
41.39
41.27
41.78
41.36
41.20
41.39
41.45
41.42
41.52
41.43
60.38
41.42
41.36
60.41
41.50
60.75
41.46
60.69
41.31
61.02
41.47
61.40
41.43
61.49
41.50
61.90
41.49
61.88
41.61
41.40
61.75
41.47
61.79
41.47
62.11
41.43
41.47
62.40
41.53
62.36
41.40
41.44
62.44
41.54
62.58
41.34
62.20
41.57
41.50
41.47
41.45
41.40
41.42
41.48
41.41
41.38
41.45
41.44
41.39
41.39
41.41
41.36
41.48
41.47
41.40
41.33
41.54
41.44
41.51
41.47
41.48
41.34
41.37
41.54
41.33
41.31
41.44
41.40
41.55
41.56
41.26
47.85
33.97
40.82
40.75
40.77
40.78
40.78
40.85
40.72
40.82
40.85
40.86
40.85
59.92
40.89
60.17
40.89
60.47
40.94
60.53
40.98
60.68
40.89
60.81
40.83
61.20
40.76
40.80
40.89
40.83
40.81
61.61
40.83
40.81
40.69
40.82
40.80
61.46
40.82
61.49
40.76
61.15
40.74
40.84
40.86
40.82
40.76
40.79
40.88
40.88
40.71
40.83
40.94
40.80
40.85
40.89
40.88
40.86
40.92
40.77
40.92
40.81
40.81
40.96
40.78
40.92
40.76
40.84
40.92
40.87
40.75
40.93
40.99
40.14
40.18
40.00
40.32
39.96
40.16
40.16
40.29
40.17
40.29
40.13
40.27
40.13
59.25
40.28
59.18
40.21
59.59
40.19
59.77
40.27
59.85
40.30
60.20
40.13
60.08
40.21
40.16
60.48
40.21
40.12
40.11
40.24
40.19
40.13
60.77
40.13
60.30
40.18
60.77
40.15
40.26
40.08
40.18
40.27
40.13
40.17
40.12
40.25
40.12
40.12
40.20
40.29
40.15
40.25
40.24
40.26
40.26
40.19
40.15
40.15
40.12
40.25
40.18
40.21
40.27
40.21
40.12
40.31
40.32
40.09
39.47
39.30
39.68
39.54
39.69
39.55
39.62
39.55
39.47
39.45
39.59
39.57
39.61
59.03
39.47
59.20
39.63
59.39
39.63
59.65
39.50
39.52
39.60
39.37
60.00
39.51
39.51
39.56
39.56
39.57
39.60
59.63
39.54
60.12
39.52
39.62
59.59
39.44
60.21
39.55
39.53
39.62
39.59
39.62
39.49
39.49
39.53
39.67
39.59
39.64
39.47
39.53
39.62
39.49
39.46
39.53
39.61
39.48
39.63
39.49
39.60
39.51
39.50
39.48
39.49
39.61
39.81
39.67
65.12
38.63
38.84
38.94
38.86
38.83
38.82
38.85
39.04
38.96
38.99
39.00
38.92
58.68
58.26
39.10
58.65
38.96
58.93
38.95
58.61
38.83
38.86
38.90
59.43
38.96
38.91
38.92
39.06
38.89
38.98
39.00
38.99
58.96
39.00
38.92
38.86
38.96
38.88
38.96
39.05
38.99
38.95
38.91
38.94
38.90
38.89
39.02
38.94
38.93
39.01
38.84
39.03
38.96
38.86
38.98
39.00
39.04
39.04
38.94
38.86
39.00
38.88
38.26
38.70
38.52
38.09
38.35
38.24
38.29
38.35
38.35
38.33
38.18
38.30
38.21
38.28
57.57
38.42
57.64
38.39
57.57
38.29
38.19
38.37
38.23
38.19
38.23
38.15
38.30
38.29
38.34
38.42
38.28
38.29
58.41
38.42
58.27
38.31
59.39
38.30
38.32
38.32
38.31
38.19
38.31
38.29
38.30
38.28
38.28
38.25
38.29
38.21
38.30
38.40
38.29
38.28
38.30
38.34
38.33
38.19
38.28
38.41
38.30
38.30
37.96
38.20
38.27
38.33
37.50
37.35
37.88
37.50
37.72
37.92
37.64
37.61
55.70
37.58
37.76
56.28
37.68
37.72
37.64
37.69
37.75
37.83
37.66
37.75
37.71
37.64
37.66
37.62
37.68
37.59
37.62
37.64
37.62
57.96
37.70
57.47
37.59
37.70
57.91
37.68
37.72
37.76
37.63
37.69
37.60
37.59
37.77
37.57
37.69
37.68
37.68
37.59
37.66
37.78
37.68
37.64
37.68
37.68
37.80
37.77
37.68
37.76
37.61
37.76
37.71
37.68
40.38
45.22
44.44
39.23
36.90
37.01
37.24
36.73
37.02
37.06
37.02
36.98
37.00
37.14
36.83
36.99
37.01
37.04
37.07
37.06
37.14
37.17
37.06
37.12
37.16
37.05
37.10
37.18
37.08
56.81
37.02
36.92
56.98
37.06
37.12
37.04
37.02
37.15
37.04
37.03
37.08
37.09
37.02
37.04
36.99
37.11
37.10
37.02
36.97
37.11
36.98
37.06
37.12
37.03
37.00
36.95
36.97
37.14
34.95
34.95
34.95
34.95
34.95
64.87
33.49
31.44
68.64
33.61
35.91
35.91
34.07
36.36
36.34
36.42
36.42
36.43
36.42
36.42
36.43
36.14
36.60
36.42
36.29
36.38
36.43
36.38
36.33
36.41
36.40
36.39
36.42
36.38
36.45
36.53
36.37
36.38
36.43
56.11
36.44
36.37
55.92
36.39
36.41
36.44
36.38
36.36
36.34
36.35
36.37
36.50
36.34
36.35
36.36
36.44
36.51
36.51
36.42
36.38
36.39
36.36
36.52
36.50
36.35
36.43
36.39
36.35
36.47
36.33
36.02
35.64
35.87
35.84
35.73
35.85
35.63
35.82
35.62
35.71
35.71
35.80
35.81
35.91
35.75
35.73
35.84
35.80
35.76
35.75
35.87
35.76
35.77
35.72
35.82
35.83
35.76
55.33
35.79
35.88
35.86
35.84
35.80
35.79
35.81
35.79
35.83
35.74
35.80
35.83
35.74
35.77
35.67
35.80
35.84
35.67
35.78
35.85
35.81
35.89
35.79
35.76
35.77
35.79
35.56
35.30
35.10
35.21
35.18
35.10
35.08
35.12
35.11
35.13
35.12
35.07
35.16
35.21
35.22
35.09
35.06
35.26
35.12
35.18
35.19
35.12
35.15
35.24
35.15
35.14
35.14
35.14
35.07
35.20
35.19
35.17
35.17
35.27
35.09
35.14
35.16
35.13
35.25
35.14
35.12
35.20
35.16
35.09
35.17
35.09
35.13
35.15
35.02
35.17
35.05
35.18
31.99
34.59
34.47
34.49
34.42
34.34
34.53
34.43
34.54
34.45
34.51
34.58
34.56
34.53
34.55
34.65
34.52
34.45
34.45
34.63
34.42
34.54
34.60
34.40
34.57
34.59
34.67
34.51
34.49
34.49
34.55
34.52
34.50
34.42
34.56
34.52
34.45
34.51
34.46
34.46
34.57
34.60
34.50
34.55
34.47
34.49
34.46
34.55
34.57
34.58
33.75
33.81
33.94
33.95
33.88
33.70
33.78
33.96
33.91
34.01
33.94
34.07
34.07
34.07
34.07
33.93
33.93
33.92
33.92
33.88
33.91
33.86
33.88
33.96
34.00
34.01
33.96
33.91
33.90
33.98
33.93
33.94
34.01
33.88
33.84
33.91
33.96
33.87
33.88
33.90
33.91
33.86
33.89
33.90
33.86
33.86
33.86
33.94
33.79
34.02
33.91
33.99
34.00
33.20
33.36
33.29
33.34
33.30
33.09
33.29
33.11
33.31
33.26
33.26
33.33
33.28
33.27
33.31
33.29
33.26
33.29
33.32
33.31
33.29
33.37
33.33
33.27
33.20
33.26
33.24
33.26
33.26
33.27
33.21
33.28
33.37
33.19
33.20
33.38
33.19
33.25
33.32
33.19
33.28
33.24
33.22
33.33
33.30
33.33
33.24
42.30
40.23
48.30
34.88
42.20
37.21
45.60
31.17
42.77
38.81
38.20
35.24
48.47
40.20
43.73
64.78
48.02
42.12
47.95
44.82
33.41
40.56
43.56
39.80
30.48
42.91
39.10
46.69
44.24
44.62
33.04
39.66
34.55
31.70
46.83
37.20
31.76
48.26
33.11
47.39
40.95
34.51
45.26
45.12
41.91
37.75
36.95
36.54
32.22
34.74
56.42
35.52
39.11
60.18
60.13
59.41
