LON
-165.37
-143.28
-144.61
-150.99
-150.74
-151.15
-152.08
-155.62
-159.59
-152.32
-150.20
-143.09
-141.34
-150.26
-147.38
-145.75
-163.42
-171.70
-156.88
-147.10
-146.95
-151.65
-144.42
-145.92
-148.46
-143.02
-148.94
-141.95
-150.74
-149.07
-168.85
-145.47
-140.25
-139.40
-145.52
-152.19
-148.33
-149.74
-162.91
-144.85
-148.33
-147.33
-143.99
-154.18
-151.53
-170.25
-150.75
-149.45
-167.93
-150.29
-150.29
-166.50
-148.55
-148.59
-147.74
-158.41
-133.12
-153.29
-149.13
-160.48
-135.32
-135.33
-156.01
-152.21
-116.42
-116.42
-116.46
-121.87
-120.39
-122.46
-123.00
-122.72
-123.07
-122.96
-124.03
-122.24
-119.32
-122.88
-122.44
-120.30
-121.50
-121.29
-120.54
-121.94
-122.54
-121.76
-122.71
-117.43
-118.83
-116.92
-115.45
-117.26
-116.00
-117.66
-118.42
-118.08
-115.38
-118.33
-116.63
-116.10
-117.99
-117.99
-118.29
-116.86
-114.83
-115.66
-117.23
-117.37
-116.81
-116.33
-116.09
-116.11
-115.15
-118.47
-119.07
-117.68
-118.84
-119.15
-117.49
-119.81
-117.20
-114.60
-114.62
-118.72
-114.14
-119.24
-117.00
-119.71
-118.55
-119.64
-120.50
-116.94
-116.28
-120.00
-119.52
-115.80
-118.23
-115.92
-119.08
-119.38
-119.03
-140.86
-139.39
-130.03
-137.50
-133.53
-136.37
-134.88
-140.46
-138.55
-138.36
-139.76
-152.58
-106.46
-91.24
-147.86
-81.43
-71.56
-104.04
-77.89
-110.78
-86.29
-87.83
-73.91
-120.36
-119.00
-119.76
-133.35
-123.48
-135.89
-131.26
-128.27
-123.46
-128.80
-80.06
-74.88
-78.05
-77.93
-81.66
-78.69
-81.22
-81.44
-79.40
-81.14
-74.37
-80.30
-77.62
-78.70
-78.73
-81.32
-80.21
-72.78
-76.98
-77.64
-78.45
-75.54
-75.51
-76.99
-77.25
-79.07
-82.63
-77.08
-79.17
-81.52
-79.34
-79.87
-78.40
-98.68
-98.10
-98.07
-81.80
-81.14
-81.44
-80.36
-80.56
-80.91
-81.05
-117.11
-114.58
-113.77
-112.88
-112.23
-111.70
-110.74
-109.97
-109.30
-108.63
-107.79
-107.00
-106.26
-105.45
-104.66
-104.02
-103.36
-102.48
-101.87
-100.97
-100.39
-98.92
-98.08
-97.41
-96.53
-95.76
-95.09
-94.39
-93.57
-92.90
-91.95
-91.40
-90.42
-89.93
-89.06
-88.27
-87.57
-86.79
-86.02
-85.33
-84.72
-83.83
-83.11
-82.47
-81.50
-81.00
-80.19
-112.81
-111.46
-110.82
-110.05
-109.26
-108.53
-107.78
-107.10
-106.43
-105.52
-104.82
-104.10
-104.17
-103.29
-102.59
-101.81
-101.11
-100.32
-99.65
-98.90
-98.14
-96.53
-95.81
-95.12
-94.47
-93.76
-92.92
-92.15
-91.48
-90.69
-89.90
-89.13
-88.61
-87.74
-87.12
-86.27
-85.41
-84.74
-84.13
-83.29
-82.48
-81.89
-81.03
-109.99
-109.28
-108.53
-105.48
-104.97
-103.98
-103.49
-102.81
-101.98
-101.18
-100.43
-99.74
-98.98
-98.24
-97.43
-96.84
-95.89
-95.31
-94.56
-93.89
-93.17
-92.32
-91.62
-90.73
-90.03
-89.46
-88.54
-87.90
-87.19
-86.34
-85.60
-84.93
-84.22
-82.85
-82.13
-81.49
-104.99
-104.03
-103.40
-102.68
-101.89
-101.24
-100.61
-99.79
-99.09
-98.27
-97.58
-96.80
-96.14
-95.47
-94.77
-93.96
-93.19
-92.43
-91.78
-90.75
-90.34
-89.36
-88.65
-87.86
-87.22
-86.59
-85.75
-85.18
-84.32
-83.63
-83.03
-82.02
-81.56
-104.09
-103.61
-102.79
-102.22
-101.34
-100.55
-99.90
-99.04
-98.48
-97.57
-97.07
-96.32
-95.49
-94.72
-93.98
-93.19
-92.55
-91.86
-91.16
-90.49
-89.72
-85.29
-84.43
-83.68
-82.97
-82.41
-81.73
-104.13
-103.39
-102.89
-100.58
-99.79
-99.18
-98.35
-97.77
-97.06
-96.33
-95.45
-90.60
-89.82
-83.26
-82.53
-81.87
-81.26
-99.97
-99.29
-98.56
-97.81
-97.07
-96.44
-95.65
-82.07
-81.20
-99.97
-99.39
-98.55
-97.83
-82.23
-81.36
-80.90
-99.27
-98.52
-97.31
-82.24
-81.75
-80.88
-122.71
-122.09
-121.48
-120.38
-119.27
-118.59
-117.56
-116.36
-115.65
-114.41
-113.42
-112.73
-111.60
-110.70
-109.85
-108.74
-161.07
-107.93
-106.93
-156.62
-105.92
-154.97
-104.88
-104.00
-103.11
-102.04
-101.24
-100.27
-99.23
-98.30
-97.19
-96.49
-95.39
-125.25
-99.64
-123.50
-122.10
-121.48
-120.12
-119.33
-118.15
-117.23
-116.37
-115.59
-114.47
-113.27
-112.56
-111.71
-110.80
-109.78
-161.80
-108.94
-108.02
-157.16
-107.02
-154.61
-106.00
-153.42
-104.99
-103.16
-102.23
-101.26
-100.36
-99.35
-98.33
-97.65
-96.54
-95.59
-94.65
-93.73
-98.15
-122.17
-98.96
-124.57
-122.97
-121.69
-120.89
-120.06
-119.05
-118.27
-117.31
-116.26
-115.48
-115.47
-114.57
-113.75
-112.61
-111.75
-165.34
-110.76
-163.18
-161.19
-109.05
-159.59
-108.00
-107.10
-154.78
-105.88
-105.18
-150.61
-104.43
-148.70
-103.26
-102.10
-144.91
-101.50
-143.71
-100.39
-98.48
-97.73
-96.53
-95.77
-94.91
-93.98
-92.84
-124.07
-92.19
-91.27
-90.13
-89.15
-123.77
-122.80
-121.99
-120.84
-119.97
-118.92
-118.31
-117.28
-116.34
-115.35
-114.46
-113.51
-112.52
-111.55
-110.69
-163.08
-109.80
-108.88
-158.12
-108.14
-156.61
-106.99
-106.18
-152.68
-105.21
-150.68
-104.33
-148.82
-103.32
-146.38
-102.44
-101.53
-140.96
-100.57
-138.74
-99.60
-98.76
-97.72
-97.02
-95.84
-95.20
-94.05
-93.16
-92.43
-88.57
-84.04
-83.10
-81.81
-81.36
-79.84
-79.37
-78.41
-77.70
-76.66
-75.47
-74.76
-73.89
-72.88
-71.84
-70.92
-70.19
-69.05
-68.11
-123.56
-122.72
-121.76
-120.98
-119.85
-119.06
-118.15
-117.11
-116.21
-115.57
-114.19
-113.49
-112.64
-111.68
-110.86
-161.83
-109.91
-160.60
-108.79
-157.23
-108.13
-156.19
-107.08
-153.97
-105.95
-151.81
-105.31
-149.62
-104.31
-148.49
-103.40
-145.57
-102.46
-101.56
-141.60
-100.69
-139.53
-99.64
-137.90
-98.91
-97.89
-97.07
-96.01
-95.17
-94.40
-93.26
-92.40
-91.55
-90.56
-89.90
-88.96
-87.91
-87.00
-85.92
-85.18
-84.31
-83.28
-82.17
-80.74
-79.49
-78.66
-77.66
-77.19
-76.06
-75.03
-74.15
-73.28
-72.51
-71.45
-70.49
-69.52
-68.46
-67.83
-120.73
-136.72
-123.56
-122.42
-121.46
-120.78
-119.93
-118.78
-117.91
-117.23
-116.15
-115.25
-114.33
-113.37
-166.33
-112.49
-164.65
-111.63
-110.66
-161.25
-109.72
-159.65
-108.94
-157.77
-108.15
-155.73
-107.12
-153.48
-106.26
-152.18
-105.41
-104.44
-147.89
-103.46
-145.64
-102.67
-144.15
-102.02
-100.80
-139.87
-99.83
-99.03
-135.79
-98.25
-133.74
-97.13
-96.29
-95.26
-94.57
-93.52
-92.63
-91.88
-90.92
-90.12
-89.10
-88.13
-87.17
-86.42
-85.52
-84.76
-82.62
-82.04
-79.92
-79.32
-76.35
-74.69
-73.81
-72.78
-71.95
-70.99
-69.97
-69.10
-68.35
-123.28
-122.48
-121.32
-120.64
-119.67
-118.96
-117.78
-117.12
-116.27
-115.33
-114.23
-113.46
-112.49
-164.04
-111.80
-162.35
-110.74
-160.65
-109.56
-158.65
-157.09
-108.21
-107.21
-153.51
-106.29
-151.51
-105.39
-150.02
-104.42
-147.48
-103.42
-146.10
-102.60
-143.78
-101.93
-141.65
-100.92
-99.92
-138.02
-99.14
-136.22
-98.21
-134.27
-97.50
-96.44
-95.64
-94.49
-93.75
-91.85
-91.17
-90.20
-89.18
-88.43
-87.69
-85.66
-84.86
-83.86
-78.62
-78.09
-76.72
-74.99
-74.05
-73.18
-72.33
-71.53
-70.53
-69.62
-68.76
-67.56
-124.00
-123.29
-122.19
-121.23
-120.33
-119.56
-118.67
-117.66
-116.75
-116.01
-114.86
-114.25
-113.37
-112.64
-111.25
-162.24
-110.58
-159.91
-109.66
-158.36
-108.99
-156.45
-108.00
-154.88
-107.04
-152.81
-106.35
-151.38
-105.40
-149.54
-104.55
-147.88
-103.60
-145.82
-145.82
-102.77
-102.08
-141.53
-101.02
-100.21
-138.37
-98.48
-134.34
-97.44
-96.74
-95.78
-94.83
-93.93
-92.92
-92.28
-91.28
-90.39
-89.65
-88.53
-87.77
-86.04
-85.20
-84.21
-83.32
-79.89
-78.58
-77.18
-76.26
-75.39
-74.18
-73.69
-72.70
-71.93
-71.16
-70.04
-69.22
-68.25
-67.31
-145.16
-121.55
-121.46
-146.95
-119.02
-123.83
-123.28
-122.41
-121.27
-120.21
-119.50
-118.57
-117.74
-116.80
-115.96
-115.13
-114.12
-113.45
-112.48
-111.49
-110.58
-160.69
-109.82
-108.99
-108.13
-154.48
-107.29
-151.98
-106.48
-105.46
-149.36
-104.63
-103.73
-102.86
-143.15
-102.05
-141.62
-101.17
-139.94
-100.30
-138.31
-99.43
-136.38
-98.54
-97.46
-96.80
-95.86
-94.98
-94.01
-93.40
-92.33
-91.52
-90.62
-89.87
-88.91
-88.15
-86.23
-85.45
-84.51
-83.70
-82.82
-81.02
-80.18
-79.59
-77.68
-75.66
-74.97
-73.87
-73.29
-72.21
-71.34
-70.58
-69.63
-123.57
-122.96
-122.11
-121.24
-120.15
-119.31
-118.47
-117.75
-116.77
-115.83
-115.10
-114.17
-113.52
-163.55
-112.43
-111.61
-160.60
-110.71
-159.08
-110.02
-156.72
-109.05
-155.62
-108.08
-154.15
-107.45
-106.48
-105.55
-104.66
-103.80
-145.37
-103.08
-143.80
-143.56
-102.01
-101.24
-100.33
-138.22
-138.22
-99.49
-136.33
-98.74
-97.85
-96.97
-95.96
-95.21
-94.34
-93.55
-92.48
-91.71
-90.74
-90.01
-89.12
-88.42
-86.39
-85.65
-84.82
-83.78
-83.14
-80.48
-78.64
-77.82
-76.86
-76.00
-75.29
-74.50
-73.42
-72.55
-71.81
-71.08
-124.47
-123.49
-121.73
-120.89
-120.25
-119.25
-118.49
-117.73
-116.87
-116.03
-114.90
-114.08
-164.66
-113.18
-112.53
-161.53
-111.59
-110.92
-158.30
-110.04
-108.85
-108.34
-154.07
-107.25
-106.52
-105.63
-104.82
-145.78
-103.87
-103.18
-102.24
-142.08
-101.37
-100.32
-137.52
-99.61
-98.75
-97.97
-97.00
-96.10
-95.23
-94.45
-93.64
-92.77
-91.89
-91.14
-90.30
-89.35
-88.33
-85.78
-85.00
-84.12
-83.46
-82.62
-81.51
-80.71
-78.69
-78.07
-77.32
-76.52
-75.65
-74.85
-73.89
-73.27
-72.23
-71.53
-81.33
-102.63
-123.60
-123.57
-121.89
-120.83
-119.34
-118.34
-117.67
-116.47
-115.75
-115.02
-113.94
-113.24
-162.68
-112.39
-161.49
-111.43
-159.47
-110.87
-158.30
-110.04
-156.69
-109.36
-154.85
-108.34
-153.88
-107.37
-106.43
-105.70
-104.93
-103.97
-103.08
-143.35
-102.32
-141.83
-101.52
-100.48
-138.13
-99.72
-98.84
-98.01
-97.27
-96.38
-95.54
-94.67
-93.75
-92.96
-92.00
-91.22
-90.50
-89.67
-88.74
-87.91
-86.30
-85.20
-84.43
-83.77
-82.81
-80.26
-79.32
-78.44
-77.56
-76.85
-75.85
-75.04
-74.22
-73.55
-72.68
-72.66
-71.61
-70.84
-70.05
-120.74
-124.12
-122.85
-122.12
-121.84
-121.15
-120.48
-119.17
-118.38
-117.45
-116.54
-115.79
-166.20
-114.92
-114.17
-163.35
-113.35
-161.96
-112.45
-160.69
-111.63
-158.96
-110.67
-157.44
-110.07
-155.82
-109.16
-154.39
-108.19
-153.13
-107.36
-106.60
-150.12
-105.72
-147.73
-104.82
-146.18
-104.06
-103.14
-143.00
-102.39
-141.88
-101.37
-100.69
-138.46
-99.87
-136.79
-98.98
-134.39
-97.19
-96.58
-95.69
-94.80
-94.06
-93.20
-92.17
-91.51
-90.54
-89.76
-88.96
-88.04
-87.25
-86.35
-85.62
-84.72
-83.98
-83.04
-82.18
-81.36
-80.67
-79.66
-78.76
-78.18
-77.13
-76.46
-75.43
-74.62
-73.77
-72.89
-72.05
-71.21
-70.65
-70.14
-99.60
-102.77
-123.31
-119.83
-118.97
-118.97
-118.13
-117.52
-116.51
-115.74
-115.04
-114.20
-113.19
-161.69
-112.52
-160.09
-111.44
-158.77
-110.83
-157.19
-109.67
-155.89
-109.18
-154.48
-108.26
-152.21
-107.52
-106.45
-105.94
-104.88
-104.09
-144.60
-103.22
-102.54
-101.54
-100.63
-100.10
-137.09
-98.95
-135.78
-98.30
-133.08
-97.45
-96.50
-95.64
-94.96
-94.21
-93.23
-92.50
-91.58
-90.86
-90.03
-89.17
-88.13
-87.51
-86.74
-85.69
-85.03
-84.18
-83.15
-82.37
-81.69
-80.84
-79.99
-78.99
-78.30
-77.55
-76.72
-75.77
-75.10
-74.30
-73.47
-72.52
-123.82
-122.79
-122.03
-121.09
-120.92
-119.83
-118.88
-118.16
-117.19
-116.50
-115.66
-114.75
-113.98
-161.26
-112.47
-159.82
-111.50
-158.09
-110.74
-157.09
-110.01
-155.21
-109.12
-154.32
-108.24
-152.62
-107.47
-106.55
-149.72
-105.92
-105.07
-104.12
-103.31
-102.48
-101.77
-140.19
-100.80
-138.58
-100.06
-136.09
-99.33
-98.28
-97.58
-96.69
-95.91
-94.96
-94.15
-93.47
-92.54
-91.87
-90.88
-90.08
-89.31
-88.47
-87.72
-86.17
-85.16
-85.16
-84.34
-83.62
-82.61
-81.84
-81.21
-80.38
-79.30
-78.57
-77.64
-76.92
-76.19
-75.41
-74.55
-123.34
-120.61
-119.90
-118.89
-118.08
-117.14
-116.46
-115.75
-114.91
-114.02
-113.07
-112.28
-111.66
-157.99
-110.74
-156.44
-110.25
-155.23
-108.98
-153.23
-108.39
-107.45
-106.76
-105.84
-147.40
-104.91
-104.17
-103.35
-102.58
-101.75
-100.93
-137.74
-100.25
-136.96
-99.38
-98.60
-133.71
-97.69
-132.82
-96.83
-96.02
-95.21
-94.35
-93.53
-92.75
-92.75
-92.05
-91.06
-90.34
-89.52
-88.62
-87.74
-87.21
-86.27
-85.43
-84.72
-83.80
-83.06
-82.13
-81.39
-80.48
-79.83
-78.84
-78.01
-77.30
-76.43
-75.64
-74.79
-147.43
-122.01
-121.38
-118.81
-117.93
-117.18
-116.40
-115.65
-114.83
-114.02
-113.28
-112.38
-111.17
-156.66
-155.89
-110.13
-155.01
-109.26
-153.64
-108.30
-152.39
-107.57
-106.91
-105.83
-146.34
-105.15
-104.25
-103.52
-101.83
-100.98
-100.22
-99.39
-98.56
-132.27
-97.83
-96.94
-96.04
-95.46
-94.45
-93.62
-92.98
-92.07
-91.23
-90.53
-89.70
-89.02
-88.16
-87.36
-86.43
-85.73
-84.90
-83.98
-83.35
-82.27
-81.53
-80.83
-80.08
-79.19
-78.41
-77.68
-76.65
-75.84
-75.33
-120.94
-120.08
-119.45
-119.05
-118.11
-117.07
-116.30
-115.59
-115.59
-114.61
-113.97
-113.02
-112.28
-111.48
-157.57
-110.71
-156.39
-109.89
-154.45
-109.26
-108.38
-107.55
-106.76
-105.83
-105.11
-104.28
-103.45
-102.80
-101.81
-101.14
-100.28
-99.53
-135.74
-98.71
-134.52
-97.98
-130.97
-97.25
-96.20
-95.50
-94.83
-93.91
-93.04
-92.27
-91.38
-90.79
-89.93
-89.08
-88.28
-87.51
-86.53
-85.87
-85.17
-84.33
-83.58
-82.64
-81.95
-80.99
-80.12
-79.40
-78.52
-78.00
-77.88
-77.12
-76.58
-75.34
-121.33
-120.33
-119.85
-118.17
-117.22
-116.59
-115.75
-114.85
-162.06
-113.86
-113.17
-159.55
-112.36
-111.60
-110.80
-109.99
-109.14
-108.36
-107.79
-106.83
-106.00
-105.21
-104.43
-103.47
-102.90
-101.90
-101.12
-100.46
-99.48
-136.23
-98.94
-134.58
-98.00
-97.11
-131.13
-96.32
-95.59
-94.83
-93.91
-93.32
-92.50
-91.75
-90.79
-90.08
-89.26
-88.58
-87.72
-86.88
-86.06
-85.29
-84.40
-83.59
-83.08
-82.13
-81.31
-80.50
-79.57
-78.95
-78.05
-77.29
-76.65
-75.67
-87.10
-92.80
-98.96
-121.79
-120.67
-119.71
-115.22
-114.71
-113.91
-113.08
-112.38
-111.51
-110.80
-109.87
-109.02
-107.53
-106.90
-106.04
-105.05
-105.38
-104.41
-103.59
-102.72
-102.11
-101.29
-100.53
-99.68
-98.92
-98.24
-132.95
-97.19
-96.51
-130.25
-95.88
-94.92
-94.29
-93.38
-92.52
-91.76
-91.09
-90.29
-89.59
-88.64
-87.89
-87.11
-86.39
-85.53
-84.84
-83.95
-82.99
-82.53
-81.58
-80.78
-80.03
-79.25
-78.53
-77.55
-76.73
-106.46
-106.46
-106.46
-106.46
-106.46
-147.86
-116.60
-83.59
-149.57
-116.45
-95.79
-95.79
-106.92
-120.78
-120.12
-116.33
-115.38
-114.54
-113.97
-113.18
-112.29
-111.13
-110.66
-109.87
-109.21
-108.52
-107.66
-106.85
-106.19
-105.28
-104.41
-103.74
-102.82
-102.22
-101.27
-100.65
-99.85
-99.00
-98.11
-133.12
-97.54
-96.73
-130.03
-95.73
-95.12
-94.39
-93.48
-92.85
-91.92
-91.24
-90.41
-89.69
-89.35
-88.76
-88.18
-87.29
-86.54
-85.78
-84.84
-84.02
-83.37
-82.58
-81.82
-81.05
-80.38
-79.34
-78.55
-77.79
-77.16
-76.45
-121.24
-120.87
-119.90
-115.43
-114.85
-113.98
-113.11
-112.17
-110.79
-109.93
-109.05
-108.47
-107.64
-106.91
-106.18
-105.27
-104.62
-103.79
-102.84
-102.22
-101.52
-100.69
-99.84
-99.04
-98.29
-97.52
-96.84
-131.62
-95.94
-95.14
-94.41
-93.64
-92.82
-92.16
-91.39
-90.54
-89.90
-88.96
-88.12
-87.52
-86.82
-85.90
-85.10
-84.35
-83.60
-82.81
-81.95
-81.21
-80.50
-79.78
-79.11
-78.24
-77.26
-76.58
-75.96
-114.87
-113.89
-113.08
-112.27
-111.53
-110.71
-109.74
-109.39
-108.50
-107.65
-106.87
-106.15
-105.41
-104.46
-103.77
-103.06
-102.21
-101.65
-100.58
-99.94
-99.25
-98.47
-97.77
-96.87
-96.23
-95.43
-95.43
-94.52
-93.78
-93.07
-92.25
-92.25
-91.52
-90.71
-89.82
-89.19
-88.38
-87.59
-86.93
-86.26
-85.31
-84.76
-83.93
-83.16
-82.19
-80.58
-79.99
-79.23
-78.44
-77.71
-76.99
-97.46
-113.83
-112.89
-112.24
-111.44
-110.81
-109.95
-109.29
-108.50
-107.79
-107.01
-106.19
-105.43
-104.66
-103.81
-103.10
-102.20
-101.70
-100.87
-99.98
-99.29
-98.50
-97.83
-96.97
-96.35
-95.37
-94.83
-94.11
-92.83
-92.51
-91.63
-90.88
-90.15
-89.39
-88.58
-87.86
-87.05
-86.33
-85.65
-85.65
-84.86
-83.89
-83.30
-82.37
-81.63
-81.03
-80.09
-79.34
-78.60
-77.98
-114.52
-113.83
-113.00
-112.33
-111.48
-110.84
-110.03
-109.25
-108.38
-107.67
-106.97
-106.92
-106.92
-106.92
-106.92
-106.05
-105.44
-104.69
-103.82
-103.16
-102.25
-101.67
-100.90
-100.26
-99.44
-98.63
-97.76
-97.04
-96.28
-95.62
-94.73
-94.09
-93.28
-92.61
-91.79
-90.93
-90.21
-89.54
-88.86
-87.85
-87.17
-86.41
-85.73
-85.06
-84.06
-83.58
-82.69
-81.86
-81.30
-80.39
-79.67
-78.87
-78.22
-113.66
-112.95
-112.16
-111.43
-110.47
-110.04
-109.27
-108.59
-107.67
-106.96
-106.23
-105.36
-104.72
-103.98
-103.21
-102.39
-101.71
-101.13
-100.14
-99.48
-98.76
-97.92
-97.25
-96.43
-95.62
-94.99
-94.18
-93.40
-92.80
-91.95
-91.24
-90.43
-89.69
-88.94
-88.07
-87.56
-86.53
-85.92
-85.17
-84.42
-83.57
-82.84
-82.14
-81.37
-80.70
-79.81
-79.28
-83.66
-82.98
-95.86
-101.68
-75.99
-80.42
-111.63
-87.05
-109.56
-99.74
-77.37
-77.89
-104.20
-112.81
-96.61
-141.16
-109.75
-79.99
-91.50
-84.62
-83.47
-89.29
-114.41
-105.61
-99.80
-90.25
-96.61
-106.22
-71.93
-74.58
-87.00
-79.85
-93.58
-105.38
-113.94
-108.49
-94.66
-117.12
-80.18
-123.87
-102.03
-89.41
-69.29
-109.27
-93.22
-105.50
-116.25
-83.55
-90.52
-98.78
-132.35
-111.37
-110.52
-125.07
-124.05
-126.10
